ProvincieNaam <- "Flevoland"
Gems <- c("GM0034","GM0303","GM0995","GM0171","GM0184","GM0050")
RPAs <- c("RP15")
