ProvincieNaam <- "Friesland"
Gems <- c("GM0059","GM0060","GM0063","GM0055","GM1891","GM0058","GM1722","GM0070","GM0653","GM0072","GM0074",
		  "GM0079","GM0080","GM0081","GM0082","GM0140","GM1908","GM0085","GM0086","GM0088","GM0051","GM0090",
		  "GM1900","GM0093","GM0737","GM0096","GM0098")
RPAs <- c("RP04")
