ProvincieNaam <- "Gelderland"
Gems <- c("GM0244","GM0246","GM0230","GM0233","GM0243","GM0269","GM0273","GM0302","GM0200","GM0213","GM0232",
		  "GM0262","GM0285","GM0301","GM0203","GM0228","GM0267","GM0279","GM0289","GM0196","GM0202","GM0221",
		  "GM0226","GM0274","GM0275","GM0277","GM0293","GM0299","GM1705","GM1734","GM0197","GM0222","GM0294",
		  "GM1509","GM1586","GM1859","GM1876","GM1955","GM0209","GM0225","GM0241","GM0252","GM0265","GM0268",
		  "GM0282","GM0296","GM0668","GM0214","GM0216","GM0236","GM0263","GM0281","GM0297","GM0304","GM0733",
		  "GM1740")
RPAs <- c("RP06","RP08","RP09","RP10","RP11","RP12","RP13","RP14")
