ProvincieNaam <- "Noord-Holland"
Gems <- c("GM0376","GM0381","GM0402","GM0406","GM0417","GM0424","GM0425","GM0457","GM1696","GM0361","GM0365","GM0373","GM0383","GM0388","GM0395","GM0398","GM0399","GM0400","GM0405","GM0416","GM0420","GM0432","GM0441","GM0448","GM0458","GM0476","GM0498","GM0532","GM1598","GM1911","GM0358","GM0362","GM0363","GM0370","GM0375","GM0377","GM0384","GM0385","GM0392","GM0393","GM0394","GM0396","GM0397","GM0415","GM0431","GM0437","GM0439","GM0450","GM0451","GM0453","GM0473","GM0478","GM0479","GM0852","GM0880")
RPAs <- c("RP16","RP19","RP20")
