ProvincieNaam <- "Noord-Brabant"
Gems <- c("GM0738","GM0748","GM0758","GM1719","GM0777","GM0779","GM1655","GM1709","GM0826","GM1674","GM0840","GM0851","GM0870","GM0873","GM0874","GM0879","GM1723","GM0744","GM0766","GM0784","GM0785","GM0797","GM0798","GM0809","GM0824","GM0855","GM0867","GM1721","GM0755","GM0756","GM0757","GM1684","GM0786","GM0788","GM0796","GM1685","GM1671","GM0815","GM0828","GM0844","GM1702","GM0845","GM0846","GM0856","GM0860","GM0865","GM0743","GM1724","GM0753","GM1728","GM0762","GM0770","GM0772","GM1771","GM1652","GM1658","GM0794","GM1659","GM0820","GM0823","GM1667","GM0847","GM0848","GM0858","GM0861","GM0866","GM1706")
RPAs <- c("RP25","RP26","RP27","RP28","RP30")
