ProvincieNaam <- "Zuid-Holland"
Gems <- c("GM0484","GM0491","GM0499","GM0513","GM0534","GM0537","GM0546","GM0547","GM0553","GM0569",
		  "GM0575","GM0576","GM0579","GM0608","GM0623","GM0626","GM0627","GM0638","GM0643","GM0644",
		  "GM1525","GM1672","GM1884","GM1892","GM1901","GM0503","GM0518","GM0603","GM0629","GM0637",
		  "GM1783","GM1842","GM1916","GM1926","GM0482","GM0489","GM0501","GM0502","GM0504","GM0505",
		  "GM0511","GM0512","GM0523","GM0530","GM0531","GM0542","GM0545","GM0556","GM0559","GM0568",
		  "GM0571","GM0580","GM0584","GM0585","GM0588","GM0590","GM0597","GM0599","GM0606","GM0610",
		  "GM0611","GM0612","GM0613","GM0614","GM0617","GM0622","GM0642","GM0689","GM0693","GM0694",
		  "GM0707","GM1621")
RPAs <- c("RP21","RP22","RP23")
